# node_from node_to time_0 time_1 time_2 ... flowValue_0_1 flowValue_1_2 ...
1 2 0 240 0.5
1 3 0 240 0.5
1 4 0 240 0.5
1 5 0 240 0.5
1 6 0 240 0.5
1 7 0 240 0.5
1 8 0 240 0.5
1 9 0 240 0.5
1 10 0 240 0.5
1 11 0 240 0.5
1 12 0 240 0.5
1 13 0 240 0.5
1 14 0 240 0.5
1 15 0 240 0.5
1 16 0 240 0.5
1 17 0 240 0.5
1 18 0 240 0.5
1 19 0 240 0.5
1 20 0 240 0.5
1 21 0 240 0.5
1 22 0 240 0.5
1 23 0 240 0.5
1 24 0 240 0.5
2 1 0 240 0.5
2 3 0 240 0.5
2 4 0 240 0.5
2 5 0 240 0.5
2 6 0 240 0.5
2 7 0 240 0.5
2 8 0 240 0.5
2 9 0 240 0.5
2 10 0 240 0.5
2 11 0 240 0.5
2 12 0 240 0.5
2 13 0 240 0.5
2 14 0 240 0.5
2 15 0 240 0.5
2 16 0 240 0.5
2 17 0 240 0.5
2 19 0 240 0.5
2 20 0 240 0.5
2 22 0 240 0.5
3 1 0 240 0.5
3 2 0 240 0.5
3 4 0 240 0.5
3 5 0 240 0.5
3 6 0 240 0.5
3 7 0 240 0.5
3 8 0 240 0.5
3 9 0 240 0.5
3 10 0 240 0.5
3 11 0 240 0.5
3 12 0 240 0.5
3 13 0 240 0.5
3 14 0 240 0.5
3 15 0 240 0.5
3 16 0 240 0.5
3 17 0 240 0.5
3 22 0 240 0.5
3 23 0 240 0.5
4 1 0 240 0.5
4 2 0 240 0.5
4 3 0 240 0.5
4 5 0 240 0.5
4 6 0 240 0.5
4 7 0 240 0.5
4 8 0 240 0.5
4 9 0 240 0.5
4 10 0 240 0.5
4 11 0 240 0.5
4 12 0 240 0.5
4 13 0 240 0.5
4 14 0 240 0.5
4 15 0 240 0.5
4 16 0 240 0.5
4 17 0 240 0.5
4 18 0 240 0.5
4 19 0 240 0.5
4 20 0 240 0.5
4 21 0 240 0.5
4 22 0 240 0.5
4 23 0 240 0.5
4 24 0 240 0.5
5 1 0 240 0.5
5 2 0 240 0.5
5 3 0 240 0.5
5 4 0 240 0.5
5 6 0 240 0.5
5 7 0 240 0.5
5 8 0 240 0.5
5 9 0 240 0.5
5 10 0 240 0.5
5 11 0 240 0.5
5 12 0 240 0.5
5 13 0 240 0.5
5 14 0 240 0.5
5 15 0 240 0.5
5 16 0 240 0.5
5 17 0 240 0.5
5 19 0 240 0.5
5 20 0 240 0.5
5 21 0 240 0.5
5 22 0 240 0.5
5 23 0 240 0.5
6 1 0 240 0.5
6 2 0 240 0.5
6 3 0 240 0.5
6 4 0 240 0.5
6 5 0 240 0.5
6 7 0 240 0.5
6 8 0 240 0.5
6 9 0 240 0.5
6 10 0 240 0.5
6 11 0 240 0.5
6 12 0 240 0.5
6 13 0 240 0.5
6 14 0 240 0.5
6 15 0 240 0.5
6 16 0 240 0.5
6 17 0 240 0.5
6 18 0 240 0.5
6 19 0 240 0.5
6 20 0 240 0.5
6 21 0 240 0.5
6 22 0 240 0.5
6 23 0 240 0.5
6 24 0 240 0.5
7 1 0 240 0.5
7 2 0 240 0.5
7 3 0 240 0.5
7 4 0 240 0.5
7 5 0 240 0.5
7 6 0 240 0.5
7 8 0 240 0.5
7 9 0 240 0.5
7 10 0 240 0.5
7 11 0 240 0.5
7 12 0 240 0.5
7 13 0 240 0.5
7 14 0 240 0.5
7 15 0 240 0.5
7 16 0 240 0.5
7 17 0 240 0.5
7 18 0 240 0.5
7 19 0 240 0.5
7 20 0 240 0.5
7 21 0 240 0.5
7 22 0 240 0.5
7 23 0 240 0.5
7 24 0 240 0.5
8 1 0 240 0.5
8 2 0 240 0.5
8 3 0 240 0.5
8 4 0 240 0.5
8 5 0 240 0.5
8 6 0 240 0.5
8 7 0 240 0.5
8 9 0 240 0.5
8 10 0 240 0.5
8 11 0 240 0.5
8 12 0 240 0.5
8 13 0 240 0.5
8 14 0 240 0.5
8 15 0 240 0.5
8 16 0 240 0.5
8 17 0 240 0.5
8 18 0 240 0.5
8 19 0 240 0.5
8 20 0 240 0.5
8 21 0 240 0.5
8 22 0 240 0.5
8 23 0 240 0.5
8 24 0 240 0.5
9 1 0 240 0.5
9 2 0 240 0.5
9 3 0 240 0.5
9 4 0 240 0.5
9 5 0 240 0.5
9 6 0 240 0.5
9 7 0 240 0.5
9 8 0 240 0.5
9 10 0 240 0.5
9 11 0 240 0.5
9 12 0 240 0.5
9 13 0 240 0.5
9 14 0 240 0.5
9 15 0 240 0.5
9 16 0 240 0.5
9 17 0 240 0.5
9 18 0 240 0.5
9 19 0 240 0.5
9 20 0 240 0.5
9 21 0 240 0.5
9 22 0 240 0.5
9 23 0 240 0.5
9 24 0 240 0.5
10 1 0 240 0.5
10 2 0 240 0.5
10 3 0 240 0.5
10 4 0 240 0.5
10 5 0 240 0.5
10 6 0 240 0.5
10 7 0 240 0.5
10 8 0 240 0.5
10 9 0 240 0.5
10 11 0 240 0.5
10 12 0 240 0.5
10 13 0 240 0.5
10 14 0 240 0.5
10 15 0 240 0.5
10 16 0 240 0.5
10 17 0 240 0.5
10 18 0 240 0.5
10 19 0 240 0.5
10 20 0 240 0.5
10 21 0 240 0.5
10 22 0 240 0.5
10 23 0 240 0.5
10 24 0 240 0.5
11 1 0 240 0.5
11 2 0 240 0.5
11 3 0 240 0.5
11 4 0 240 0.5
11 5 0 240 0.5
11 6 0 240 0.5
11 7 0 240 0.5
11 8 0 240 0.5
11 9 0 240 0.5
11 10 0 240 0.5
11 12 0 240 0.5
11 13 0 240 0.5
11 14 0 240 0.5
11 15 0 240 0.5
11 16 0 240 0.5
11 17 0 240 0.5
11 18 0 240 0.5
11 19 0 240 0.5
11 20 0 240 0.5
11 21 0 240 0.5
11 22 0 240 0.5
11 23 0 240 0.5
11 24 0 240 0.5
12 1 0 240 0.5
12 2 0 240 0.5
12 3 0 240 0.5
12 4 0 240 0.5
12 5 0 240 0.5
12 6 0 240 0.5
12 7 0 240 0.5
12 8 0 240 0.5
12 9 0 240 0.5
12 10 0 240 0.5
12 11 0 240 0.5
12 13 0 240 0.5
12 14 0 240 0.5
12 15 0 240 0.5
12 16 0 240 0.5
12 17 0 240 0.5
12 18 0 240 0.5
12 19 0 240 0.5
12 20 0 240 0.5
12 21 0 240 0.5
12 22 0 240 0.5
12 23 0 240 0.5
12 24 0 240 0.5
13 1 0 240 0.5
13 2 0 240 0.5
13 3 0 240 0.5
13 4 0 240 0.5
13 5 0 240 0.5
13 6 0 240 0.5
13 7 0 240 0.5
13 8 0 240 0.5
13 9 0 240 0.5
13 10 0 240 0.5
13 11 0 240 0.5
13 12 0 240 0.5
13 14 0 240 0.5
13 15 0 240 0.5
13 16 0 240 0.5
13 17 0 240 0.5
13 18 0 240 0.5
13 19 0 240 0.5
13 20 0 240 0.5
13 21 0 240 0.5
13 22 0 240 0.5
13 23 0 240 0.5
13 24 0 240 0.5
14 1 0 240 0.5
14 2 0 240 0.5
14 3 0 240 0.5
14 4 0 240 0.5
14 5 0 240 0.5
14 6 0 240 0.5
14 7 0 240 0.5
14 8 0 240 0.5
14 9 0 240 0.5
14 10 0 240 0.5
14 11 0 240 0.5
14 12 0 240 0.5
14 13 0 240 0.5
14 15 0 240 0.5
14 16 0 240 0.5
14 17 0 240 0.5
14 18 0 240 0.5
14 19 0 240 0.5
14 20 0 240 0.5
14 21 0 240 0.5
14 22 0 240 0.5
14 23 0 240 0.5
14 24 0 240 0.5
15 1 0 240 0.5
15 2 0 240 0.5
15 3 0 240 0.5
15 4 0 240 0.5
15 5 0 240 0.5
15 6 0 240 0.5
15 7 0 240 0.5
15 8 0 240 0.5
15 9 0 240 0.5
15 10 0 240 0.5
15 11 0 240 0.5
15 12 0 240 0.5
15 13 0 240 0.5
15 14 0 240 0.5
15 16 0 240 0.5
15 17 0 240 0.5
15 18 0 240 0.5
15 19 0 240 0.5
15 20 0 240 0.5
15 21 0 240 0.5
15 22 0 240 0.5
15 23 0 240 0.5
15 24 0 240 0.5
16 1 0 240 0.5
16 2 0 240 0.5
16 3 0 240 0.5
16 4 0 240 0.5
16 5 0 240 0.5
16 6 0 240 0.5
16 7 0 240 0.5
16 8 0 240 0.5
16 9 0 240 0.5
16 10 0 240 0.5
16 11 0 240 0.5
16 12 0 240 0.5
16 13 0 240 0.5
16 14 0 240 0.5
16 15 0 240 0.5
16 17 0 240 0.5
16 18 0 240 0.5
16 19 0 240 0.5
16 20 0 240 0.5
16 21 0 240 0.5
16 22 0 240 0.5
16 23 0 240 0.5
16 24 0 240 0.5
17 1 0 240 0.5
17 2 0 240 0.5
17 3 0 240 0.5
17 4 0 240 0.5
17 5 0 240 0.5
17 6 0 240 0.5
17 7 0 240 0.5
17 8 0 240 0.5
17 9 0 240 0.5
17 10 0 240 0.5
17 11 0 240 0.5
17 12 0 240 0.5
17 13 0 240 0.5
17 14 0 240 0.5
17 15 0 240 0.5
17 16 0 240 0.5
17 18 0 240 0.5
17 19 0 240 0.5
17 20 0 240 0.5
17 21 0 240 0.5
17 22 0 240 0.5
17 23 0 240 0.5
17 24 0 240 0.5
18 1 0 240 0.5
18 4 0 240 0.5
18 6 0 240 0.5
18 7 0 240 0.5
18 8 0 240 0.5
18 9 0 240 0.5
18 10 0 240 0.5
18 11 0 240 0.5
18 12 0 240 0.5
18 13 0 240 0.5
18 14 0 240 0.5
18 15 0 240 0.5
18 16 0 240 0.5
18 17 0 240 0.5
18 19 0 240 0.5
18 20 0 240 0.5
18 21 0 240 0.5
18 22 0 240 0.5
18 23 0 240 0.5
19 1 0 240 0.5
19 2 0 240 0.5
19 4 0 240 0.5
19 5 0 240 0.5
19 6 0 240 0.5
19 7 0 240 0.5
19 8 0 240 0.5
19 9 0 240 0.5
19 10 0 240 0.5
19 11 0 240 0.5
19 12 0 240 0.5
19 13 0 240 0.5
19 14 0 240 0.5
19 15 0 240 0.5
19 16 0 240 0.5
19 17 0 240 0.5
19 18 0 240 0.5
19 20 0 240 0.5
19 21 0 240 0.5
19 22 0 240 0.5
19 23 0 240 0.5
19 24 0 240 0.5
20 1 0 240 0.5
20 2 0 240 0.5
20 4 0 240 0.5
20 5 0 240 0.5
20 6 0 240 0.5
20 7 0 240 0.5
20 8 0 240 0.5
20 9 0 240 0.5
20 2 0 240 0.5
20 11 0 240 0.5
20 12 0 240 0.5
20 13 0 240 0.5
20 14 0 240 0.5
20 15 0 240 0.5
20 16 0 240 0.5
20 17 0 240 0.5
20 18 0 240 0.5
20 19 0 240 0.5
20 21 0 240 0.5
20 22 0 240 0.5
20 23 0 240 0.5
20 24 0 240 0.5
21 1 0 240 0.5
21 4 0 240 0.5
21 5 0 240 0.5
21 6 0 240 0.5
21 7 0 240 0.5
21 8 0 240 0.5
21 9 0 240 0.5
21 10 0 240 0.5
21 11 0 240 0.5
21 12 0 240 0.5
21 13 0 240 0.5
21 14 0 240 0.5
21 15 0 240 0.5
21 16 0 240 0.5
21 17 0 240 0.5
21 18 0 240 0.5
21 19 0 240 0.5
21 20 0 240 0.5
21 22 0 240 0.5
21 23 0 240 0.5
21 24 0 240 0.5
22 1 0 240 0.5
22 2 0 240 0.5
22 3 0 240 0.5
22 4 0 240 0.5
22 5 0 240 0.5
22 6 0 240 0.5
22 7 0 240 0.5
22 8 0 240 0.5
22 9 0 240 0.5
22 10 0 240 0.5
22 11 0 240 0.5
22 12 0 240 0.5
22 13 0 240 0.5
22 14 0 240 0.5
22 15 0 240 0.5
22 16 0 240 0.5
22 17 0 240 0.5
22 18 0 240 0.5
22 19 0 240 0.5
22 20 0 240 0.5
22 21 0 240 0.5
22 23 0 240 0.5
22 24 0 240 0.5
23 1 0 240 0.5
23 3 0 240 0.5
23 4 0 240 0.5
23 5 0 240 0.5
23 6 0 240 0.5
23 7 0 240 0.5
23 8 0 240 0.5
23 9 0 240 0.5
23 10 0 240 0.5
23 11 0 240 0.5
23 12 0 240 0.5
23 13 0 240 0.5
23 14 0 240 0.5
23 15 0 240 0.5
23 16 0 240 0.5
23 17 0 240 0.5
23 18 0 240 0.5
23 19 0 240 0.5
23 20 0 240 0.5
23 21 0 240 0.5
23 22 0 240 0.5
23 24 0 240 0.5
24 1 0 240 0.5
24 4 0 240 0.5
24 6 0 240 0.5
24 7 0 240 0.5
24 8 0 240 0.5
24 9 0 240 0.5
24 10 0 240 0.5
24 11 0 240 0.5
24 12 0 240 0.5
24 13 0 240 0.5
24 14 0 240 0.5
24 15 0 240 0.5
24 16 0 240 0.5
24 17 0 240 0.5
24 19 0 240 0.5
24 20 0 240 0.5
24 21 0 240 0.5
24 22 0 240 0.5
24 23 0 240 0.5
