# Edge list
# node_from node_to nu tau ec
1 117 2.5 65.42750928
2 87 2.5 65.42750928
3 74 2.5 65.42750928
4 233 2.5 65.42750928
5 165 2.5 65.42750928
6 213 2.5 65.42750928
7 253 2.5 65.42750928
8 411 1.5 60
9 379 1.5 60
9 395 1.5 60
10 338 1.5 60
10 362 1.5 60
11 309 1.5 60
12 275 1.5 60
13 262 1.5 60
14 257 1.5 60
15 254 1.5 60
16 263 1.5 60
17 276 1.5 60
18 322 1.5 60
18 348 1.5 60
19 364 1.5 60
19 380 1.5 60
20 397 1.5 60
21 412 1.5 60
21 413 1.5 60
22 414 1.5 60
22 415 1.5 60
23 416 1.5 60
24 266 3.5 8.944099380
24 267 3.5 8.944099380
25 268 3.5 8.944099380
25 269 3.5 8.944099380
26 273 3.5 8.944099380
26 274 3.5 8.944099380
27 302 3.5 8.944099380
27 303 3.5 8.944099380
28 303 3.5 8.944099380
28 304 3.5 8.944099380
29 308 3.5 8.944099380
29 337 3.5 8.944099380
30 340 3.5 8.944099380
30 341 3.5 8.944099380
31 329 3.5 8.944099380
31 330 3.5 8.944099380
32 332 3.5 8.944099380
32 333 3.5 8.944099380
33 337 3.5 8.944099380
33 361 3.5 8.944099380
34 369 3.5 8.944099380
34 385 3.5 8.944099380
35 373 3.5 8.944099380
35 389 3.5 8.944099380
36 378 3.5 8.944099380
36 394 3.5 8.944099380
37 401 3.5 8.944099380
37 402 3.5 8.944099380
38 406 3.5 8.944099380
38 407 3.5 8.944099380
39 266 1.5 87.59090910
39 267 1.5 87.59090910
40 268 1.5 79.20454548
40 269 1.5 79.20454548
41 273 1.5 60
41 274 1.5 60
42 302 1.5 60
42 303 1.5 60
43 303 1.5 92.40909090
43 304 1.5 92.40909090
44 308 1.5 60
44 337 1.5 180
45 340 1.5 60
45 341 1.5 60
46 329 1.5 60
46 330 1.5 60
47 332 1.5 55.20454548
47 333 1.5 56.40909090
48 337 1.5 60
48 361 1.5 60
49 369 1.5 60
49 385 1.5 60
50 373 1.5 60
50 389 1.5 60
51 378 1.5 60
51 394 1.5 60
52 401 1.5 60
52 402 1.5 60
53 406 1.5 64.79545452
53 407 1.5 63.59090910
54 56 2.5 19.99999998
54 230 2.5 19.99999998
55 59 2.5 19.99999998
56 102 2.5 19.99999998
57 54 2.5 19.99999998
57 235 2.5 19.99999998
58 137 2.5 19.99999998
58 145 2.5 19.99999998
59 146 2.5 19.99999998
60 102 2.5 19.99999998
60 230 2.5 19.99999998
61 136 2.5 19.99999998
62 2 2.5 65.42750928
63 62 2 65.42750928
64 63 2 32.71375464
64 189 2 19.99999998
65 64 2 20.94175962
66 65 2 13.74225528
67 66 2 16.35687732
67 260 0.5 30
68 67 2 105.34076826
69 68 2 16.35687732
69 258 0.5 30
70 69 2 84.39900870
71 70 2 16.35687732
71 255 0.5 30
72 71 2 16.35687732
73 72 2 28.12887234
73 141 2 19.99999998
74 73 2 65.42750928
75 3 2.5 65.42750928
76 75 2 65.42750928
77 76 2 28.12887234
77 141 2 19.99999998
78 77 2 16.35687732
79 78 2 16.35687732
79 256 0.5 30
80 79 2 84.39900870
81 80 2 16.35687732
81 259 0.5 30
82 81 2 105.34076826
83 82 2 16.35687732
83 261 0.5 30
84 83 2 13.74225528
85 84 2 20.94175962
86 85 2 32.71375464
86 189 2 19.99999998
87 86 2 65.42750928
88 1 2.5 65.42750928
89 88 2 65.42750928
90 89 2 16.35687732
90 293 0.5 30
91 90 2 13.74225528
92 91 2 18.97149936
93 92 2 20.94175962
93 183 2 19.99999998
93 195 2 19.99999998
94 93 2 41.87112762
95 94 2 16.35687732
95 290 0.5 30
96 95 2 74.58488226
97 96 2 16.35687732
97 288 0.5 30
98 97 2 37.29863694
99 98 2 16.35687732
99 283 0.5 30
100 99 2 23.55638166
101 100 2 16.35687732
101 278 0.5 30
102 101 2 46.45600992
103 59 2.5 19.99999998
103 61 2.5 19.99999998
103 237 2.5 19.99999998
104 103 2 46.45600992
105 104 2 16.35687732
105 279 0.5 30
106 105 2 23.55638166
107 106 2 16.35687732
107 284 0.5 30
108 107 2 37.29863694
109 108 2 16.35687732
109 289 0.5 30
110 109 2 74.58488226
111 110 2 16.35687732
111 291 0.5 30
112 111 2 41.87112762
113 112 2 20.94175962
113 183 2 19.99999998
113 195 2 19.99999998
114 113 2 18.97149936
115 114 2 13.74225528
116 115 2 16.35687732
116 294 0.5 30
117 116 2 65.42750928
118 5 2.5 65.42750928
119 118 2 65.42750928
120 119 2 16.35687732
120 400 0.5 30
121 120 2 32.71375464
122 121 2 37.29863694
123 122 2 16.35687732
123 382 0.5 30
124 123 2 51.68525400
125 124 2 16.35687732
125 366 0.5 30
126 125 2 51.68525400
127 126 2 16.35687732
127 350 0.5 30
128 127 2 37.29863694
129 128 2 18.97149936
130 129 2 16.35687732
130 324 0.5 30
131 130 2 51.68525400
132 131 2 18.97149936
132 314 0.5 30
133 132 2 28.12887234
134 133 2 20.94175962
135 134 2 16.35687732
135 298 0.5 30
136 135 2 9.157372980
137 136 2 37.94299878
138 60 2.5 19.99999998
138 137 2 7.856257740
138 236 2.5 19.99999998
139 138 2 65.42750928
140 139 2 16.35687732
140 265 0.5 30
141 140 2 56.27013630
142 72 2 19.99999998
142 76 2 19.99999998
143 142 2 56.27013630
144 143 2 16.35687732
144 264 0.5 30
145 144 2 53.65551426
146 145 2 7.199504340
147 57 2.5 19.99999998
147 146 2 45.79925652
148 147 2 13.74225528
149 148 2 16.35687732
149 297 0.5 30
150 149 2 20.94175962
151 150 2 13.74225528
152 151 2 37.29863694
152 310 0.5 30
153 152 2 41.87112762
154 153 2 16.35687732
154 323 0.5 30
155 154 2 18.97149936
156 155 2 37.29863694
157 156 2 16.35687732
157 349 0.5 30
158 157 2 51.68525400
159 158 2 16.35687732
159 365 0.5 30
160 159 2 51.68525400
161 160 2 16.35687732
161 381 0.5 30
162 161 2 37.29863694
163 162 2 32.71375464
164 163 2 16.35687732
164 399 0.5 30
165 164 2 65.42750928
166 6 2.5 65.42750928
167 166 2 65.42750928
168 167 2 16.35687732
168 409 0.5 30
169 168 2 46.45600992
170 169 2 20.94175962
171 170 2 3.928128900
171 216 2 19.99999998
172 171 2 17.01363072
172 393 0.5 30
173 172 2 30.09913260
174 173 2 13.74225528
175 174 2 16.35687732
175 377 0.5 30
176 175 2 49.07063196
177 176 2 16.35687732
177 360 0.5 30
178 177 2 49.07063196
179 178 2 16.35687732
179 336 0.5 30
180 179 2 114.49814124
181 180 2 16.35687732
181 307 0.5 30
182 181 2 9.157372980
183 182 2 23.55638166
184 92 2 19.99999998
184 112 2 19.99999998
184 183 2 23.55638166
185 184 2 44.48574972
186 185 2 23.55638166
187 186 2 16.35687732
187 272 0.5 30
188 187 2 53.65551426
189 188 2 46.45600992
190 63 2 19.99999998
190 85 2 19.99999998
191 190 2 46.45600992
192 191 2 53.65551426
193 192 2 16.35687732
193 271 0.5 30
194 193 2 23.55638166
195 194 2 44.48574972
196 92 2 19.99999998
196 112 2 19.99999998
196 195 2 23.55638166
197 196 2 23.55638166
198 197 2 9.157372980
199 198 2 16.35687732
199 306 0.5 30
200 199 2 114.49814124
201 200 2 16.35687732
201 335 0.5 30
202 201 2 49.07063196
203 202 2 16.35687732
203 359 0.5 30
204 203 2 49.07063196
205 204 2 16.35687732
205 376 0.5 30
206 205 2 13.74225528
207 206 2 30.09913260
208 207 2 17.01363072
209 208 2 3.928128900
209 392 0.5 30
210 209 2 20.94175962
210 250 2 19.99999998
211 210 2 46.45600992
212 211 2 16.35687732
212 408 0.5 30
213 212 2 65.42750928
214 7 2.5 65.42750928
215 214 2.5 65.42750928
216 215 2.5 23.55638166
217 169 2 19.99999998
217 216 2.5 35.32837668
218 217 2.5 17.01363072
218 392 0.5 30
219 218 2.5 46.45600992
220 219 2.5 30.09913260
220 363 0.5 30
221 220 2.5 70.01239158
222 221 2.5 18.97149936
223 222 2.5 25.51425030
223 346 0.5 30
224 223 2.5 58.22800494
225 224 2.5 37.29863694
225 330 0.5 30
226 225 2.5 56.27013630
227 226 2.5 23.55638166
227 311 0.5 30
228 227 2.5 65.42750928
229 228 2.5 28.12887234
229 277 0.5 30
230 229 2.5 7.199504340
231 56 2.5 19.99999998
231 230 2.5 17.67038412
232 58 2.5 19.99999998
232 231 2.5 18.97149936
233 232 2.5 65.42750928
234 4 2.5 65.42750928
235 234 2.5 65.42750928
236 235 2.5 7.199504340
237 236 2.5 15.04337052
238 55 2.5 19.99999998
238 61 2.5 19.99999998
238 237 2.5 13.74225528
239 238 2.5 13.74225528
240 239 2.5 28.12887234
240 299 0.5 30
241 240 2.5 56.27013630
242 241 2.5 37.29863694
242 317 0.5 30
243 242 2.5 56.27013630
244 243 2.5 23.55638166
244 339 0.5 30
245 244 2.5 62.81288724
246 245 2.5 37.29863694
246 347 0.5 30
247 246 2.5 70.01239158
248 247 2.5 23.55638166
248 374 0.5 30
249 248 2.5 53.65551426
250 249 2.5 21.58612146
251 250 2.5 3.271375440
251 391 0.5 30
252 208 2 19.99999998
252 251 2.5 31.40024784
253 252 2.5 65.42750928
254 15 1.5 60
254 255 1.5 120
255 70 0.5 30
255 254 1.5 120
255 256 1.5 30
256 78 0.5 30
256 255 1.5 30
256 266 1.5 115.20454548
257 14 1.5 60
257 258 1.5 120
258 68 0.5 30
258 257 1.5 120
258 259 1.5 30
259 80 0.5 30
259 258 1.5 30
259 267 1.5 115.20454548
260 66 0.5 30
260 261 1.5 30
261 82 0.5 30
261 260 1.5 30
261 269 1.5 111.5909091
262 13 1.5 60
262 273 1.5 120
263 16 1.5 60
263 264 1.5 120
264 143 0.5 30
264 263 1.5 120
264 265 1.5 30
265 139 0.5 30
265 264 1.5 30
265 266 1.5 60
266 24 3.5 8.944099380
266 39 1.5 87.59090910
266 256 1.5 115.20454548
266 265 1.5 60
266 277 1.5 214.79545452
267 24 3.5 8.944099380
267 39 1.5 87.59090910
267 259 1.5 115.20454548
267 268 1.5 60
267 281 1.5 98.40909090
268 25 3.5 8.944099380
268 40 1.5 79.20454548
268 267 1.5 60
268 287 1.5 103.20454548
269 25 3.5 8.944099380
269 40 1.5 79.20454548
269 261 1.5 111.5909091
269 270 1.5 60
269 290 1.5 150
270 269 1.5 60
270 271 1.5 34.79545452
271 192 0.5 30
271 270 1.5 34.79545452
271 272 1.5 30
272 186 0.5 30
272 271 1.5 30
272 273 1.5 136.79545452
273 26 3.5 8.944099380
273 41 1.5 60
273 262 1.5 120
273 272 1.5 16.79545452
273 292 1.5 120
274 26 3.5 8.944099380
274 41 1.5 60
274 275 1.5 120
274 293 1.5 85.20454548
275 12 1.5 60
275 274 1.5 120
276 17 1.5 60
276 296 1.5 120
277 228 0.5 30
277 266 1.5 214.79545452
277 299 1.5 43.20454548
278 100 0.5 30
278 279 1.5 30
279 104 0.5 30
279 278 1.5 30
279 280 1.5 25.20454548
280 279 1.5 25.20454548
280 300 1.5 25.20454548
281 267 1.5 98.40909090
281 282 1.5 34.79545452
282 281 1.5 34.79545452
282 283 1.5 21.59090910
283 98 0.5 30
283 282 1.5 21.59090910
283 284 1.5 30
284 106 0.5 30
284 283 1.5 30
284 285 1.5 16.79545452
285 284 1.5 16.79545452
285 286 1.5 34.79545452
286 285 1.5 34.79545452
286 302 1.5 25.20454548
287 268 1.5 103.20454548
287 288 1.5 43.20454548
288 96 0.5 30
288 287 1.5 43.20454548
288 289 1.5 30
289 108 0.5 30
289 288 1.5 30
289 303 1.5 73.20454548
290 94 0.5 30
290 269 1.5 150
290 291 1.5 30
291 110 0.5 30
291 290 1.5 30
291 304 1.5 76.79545452
292 273 1.5 120
292 305 1.5 111.5909091
293 89 0.5 30
293 274 1.5 85.20454548
293 294 1.5 30
294 115 0.5 30
294 293 1.5 30
294 295 1.5 16.79545452
295 294 1.5 16.79545452
295 308 1.5 43.20454548
296 276 1.5 120
296 297 1.5 25.20454548
296 310 1.5 94.79545452
297 148 0.5 30
297 296 1.5 25.20454548
297 298 1.5 30
298 134 0.5 30
298 297 1.5 30
298 299 1.5 68.40909090
299 239 0.5 30
299 277 1.5 43.20454548
299 298 1.5 68.40909090
299 300 1.5 60
299 315 1.5 115.20454548
300 280 1.5 25.20454548
300 299 1.5 60
300 301 1.5 30
300 316 1.5 115.20454548
301 300 1.5 30
301 302 1.5 30
302 27 3.5 8.944099380
302 42 1.5 60
302 286 1.5 25.20454548
302 301 1.5 30
302 311 1.5 68.40909090
303 27 3.5 8.944099380
303 28 3.5 8.944099380
303 42 1.5 60
303 43 1.5 92.40909090
303 289 1.5 73.20454548
303 319 1.5 128.4090909
304 28 3.5 8.944099380
304 43 1.5 92.40909090
304 291 1.5 76.79545452
304 305 1.5 55.20454548
304 312 1.5 16.79545452
305 292 1.5 111.5909091
305 304 1.5 55.20454548
305 306 1.5 43.20454548
305 321 1.5 196.79545452
306 198 0.5 30
306 305 1.5 43.20454548
306 307 1.5 30
307 180 0.5 30
307 306 1.5 30
307 308 1.5 30
308 29 3.5 8.944099380
308 44 1.5 60
308 295 1.5 43.20454548
308 307 1.5 30
308 309 1.5 120
309 11 1.5 60
309 308 1.5 120
310 151 0.5 30
310 296 1.5 94.79545452
310 313 1.5 16.79545452
311 226 0.5 30
311 302 1.5 68.40909090
311 317 1.5 43.20454548
312 304 1.5 16.79545452
312 320 1.5 163.20454548
313 310 1.5 16.79545452
313 314 1.5 46.79545452
313 325 1.5 103.20454548
314 131 0.5 30
314 313 1.5 16.79545452
314 315 1.5 98.40909090
315 299 1.5 115.20454548
315 314 1.5 103.20454548
315 316 1.5 154.79545452
315 327 1.5 64.79545452
316 300 1.5 115.20454548
316 315 1.5 60
316 317 1.5 51.59090910
316 328 1.5 64.79545452
317 241 0.5 30
317 311 1.5 43.20454548
317 316 1.5 60
317 318 1.5 68.40909090
317 329 1.5 64.79545452
318 317 1.5 68.40909090
318 319 1.5 60
319 303 1.5 128.4090909
319 318 1.5 51.59090910
319 320 1.5 60
319 330 1.5 51.59090910
320 312 1.5 163.20454548
320 319 1.5 154.79545452
320 321 1.5 103.20454548
320 332 1.5 43.20454548
321 305 1.5 196.79545452
321 320 1.5 98.40909090
321 333 1.5 43.20454548
321 334 1.5 16.79545452
322 18 1.5 60
322 323 1.5 120
323 153 0.5 30
323 322 1.5 120
323 324 1.5 30
324 129 0.5 30
324 323 1.5 30
324 325 1.5 34.79545452
325 313 1.5 103.20454548
325 324 1.5 34.79545452
325 326 1.5 51.59090910
325 340 1.5 21.59090910
326 325 1.5 51.59090910
326 327 1.5 94.79545452
327 315 1.5 64.79545452
327 326 1.5 94.79545452
327 328 1.5 60
327 341 1.5 60
328 316 1.5 64.79545452
328 327 1.5 60
328 329 1.5 60
328 342 1.5 60
329 31 3.5 8.944099380
329 46 1.5 60
329 317 1.5 64.79545452
329 328 1.5 60
329 343 1.5 60
330 31 3.5 8.944099380
330 46 1.5 60
330 224 0.5 30
330 319 1.5 51.59090910
330 331 1.5 25.20454548
330 339 1.5 38.40909090
331 330 1.5 25.20454548
331 332 1.5 115.20454548
332 32 3.5 8.944099380
332 47 1.5 55.20454548
332 320 1.5 43.20454548
332 331 1.5 115.20454548
332 345 1.5 43.20454548
333 32 3.5 8.944099380
333 47 1.5 56.40909090
333 321 1.5 43.20454548
333 334 1.5 25.20454548
333 358 1.5 124.79545452
334 321 1.5 46.79545452
334 333 1.5 25.20454548
334 335 1.5 16.79545452
335 200 0.5 30
335 334 1.5 16.79545452
335 336 1.5 30
336 178 0.5 30
336 335 1.5 30
336 337 1.5 30
337 29 3.5 8.944099380
337 33 3.5 8.944099380
337 44 1.5 180
337 48 1.5 60
337 336 1.5 30
337 338 1.5 120
338 10 1.5 60
338 337 1.5 120
339 243 0.5 30
339 330 1.5 38.40909090
339 344 1.5 25.20454548
340 30 3.5 8.944099380
340 45 1.5 60
340 325 1.5 21.59090910
340 351 1.5 103.20454548
341 30 3.5 8.944099380
341 45 1.5 60
341 327 1.5 60
341 342 1.5 60
341 353 1.5 120
342 328 1.5 60
342 341 1.5 60
342 343 1.5 60
342 354 1.5 120
343 329 1.5 60
343 342 1.5 60
343 344 1.5 120
343 355 1.5 120
344 339 1.5 25.20454548
344 343 1.5 120
344 356 1.5 120
345 332 1.5 43.20454548
345 346 1.5 38.40909090
346 222 0.5 30
346 345 1.5 38.40909090
346 347 1.5 64.79545452
347 245 0.5 30
347 346 1.5 64.79545452
347 357 1.5 16.79545452
348 18 1.5 60
348 349 1.5 120
349 156 0.5 30
349 348 1.5 120
349 350 1.5 30
350 126 0.5 30
350 349 1.5 30
350 351 1.5 51.59090910
351 340 1.5 103.20454548
351 350 1.5 51.59090910
351 352 1.5 43.20454548
351 367 1.5 120
352 351 1.5 43.20454548
352 353 1.5 85.20454548
353 341 1.5 120
353 352 1.5 85.20454548
353 354 1.5 60
353 369 1.5 120
354 342 1.5 120
354 353 1.5 60
354 355 1.5 60
354 370 1.5 120
355 343 1.5 120
355 354 1.5 60
355 356 1.5 120
355 371 1.5 120
356 344 1.5 120
356 355 1.5 120
356 357 1.5 120
356 372 1.5 120
357 347 1.5 16.79545452
357 356 1.5 120
357 358 1.5 120
357 373 1.5 120
358 333 1.5 124.79545452
358 357 1.5 120
358 359 1.5 43.20454548
358 363 1.5 103.20454548
359 202 0.5 30
359 358 1.5 43.20454548
359 360 1.5 30
360 176 0.5 30
360 359 1.5 30
360 361 1.5 30
361 33 3.5 8.944099380
361 48 1.5 60
361 360 1.5 30
361 362 1.5 120
361 378 1.5 120
362 10 1.5 60
362 361 1.5 120
363 358 1.5 103.20454548
363 375 1.5 16.79545452
364 19 1.5 60
364 365 1.5 120
365 158 0.5 30
365 364 1.5 120
365 366 1.5 30
366 124 0.5 30
366 365 1.5 30
366 367 1.5 51.59090910
367 351 1.5 120
367 366 1.5 51.59090910
367 368 1.5 43.20454548
367 384 1.5 136.79545452
368 367 1.5 43.20454548
368 369 1.5 85.20454548
369 34 3.5 8.944099380
369 49 1.5 60
369 353 1.5 120
369 368 1.5 85.20454548
369 370 1.5 60
370 354 1.5 120
370 369 1.5 60
370 371 1.5 60
370 386 1.5 120
371 355 1.5 120
371 370 1.5 60
371 372 1.5 120
371 387 1.5 120
372 356 1.5 120
372 371 1.5 120
372 373 1.5 120
372 388 1.5 120
373 35 3.5 8.944099380
373 50 1.5 60
373 357 1.5 120
373 372 1.5 120
373 374 1.5 85.20454548
374 247 0.5 30
374 373 1.5 85.20454548
374 375 1.5 34.79545452
375 219 0.5 30
375 363 1.5 16.79545452
375 374 1.5 34.79545452
375 376 1.5 43.20454548
375 390 1.5 120
376 204 0.5 30
376 375 1.5 43.20454548
376 377 1.5 30
377 174 0.5 30
377 376 1.5 30
377 378 1.5 30
378 36 3.5 8.944099380
378 51 1.5 60
378 361 1.5 120
378 377 1.5 30
378 379 1.5 120
379 9 1.5 60
379 378 1.5 120
380 19 1.5 60
380 381 1.5 120
381 160 0.5 30
381 380 1.5 120
381 382 1.5 30
382 122 0.5 30
382 381 1.5 30
382 383 1.5 34.79545452
383 382 1.5 34.79545452
383 384 1.5 25.20454548
384 367 1.5 136.79545452
384 383 1.5 25.20454548
384 385 1.5 120
384 401 1.5 120
385 34 3.5 8.944099380
385 49 1.5 60
385 384 1.5 120
385 386 1.5 60
385 402 1.5 120
386 370 1.5 120
386 385 1.5 60
386 387 1.5 60
386 403 1.5 120
387 371 1.5 120
387 386 1.5 60
387 388 1.5 120
387 404 1.5 120
388 372 1.5 120
388 387 1.5 120
388 389 1.5 120
388 405 1.5 120
389 35 3.5 8.944099380
389 50 1.5 60
389 388 1.5 120
389 390 1.5 120
389 406 1.5 120
390 375 1.5 120
390 389 1.5 120
390 391 1.5 43.20454548
390 407 1.5 154.79545452
391 249 0.5 30
391 390 1.5 43.20454548
391 392 1.5 25.20454548
392 207 0.5 30
392 391 1.5 25.20454548
392 393 1.5 25.20454548
393 170 0.5 30
393 392 1.5 25.20454548
393 394 1.5 8.409090900
394 36 3.5 8.944099380
394 51 1.5 60
394 393 1.5 8.409090900
394 395 1.5 120
394 396 1.5 34.79545452
395 9 1.5 60
395 394 1.5 120
396 215 0.5 30
396 394 1.5 34.79545452
396 410 1.5 120
397 20 1.5 60
397 398 1.5 120
398 397 1.5 120
398 399 1.5 34.79545452
399 163 0.5 30
399 398 1.5 34.79545452
399 400 1.5 30
400 119 0.5 30
400 399 1.5 30
400 401 1.5 8.409090900
401 37 3.5 8.944099380
401 52 1.5 60
401 384 1.5 120
401 400 1.5 8.409090900
402 37 3.5 8.944099380
402 52 1.5 60
402 385 1.5 120
402 403 1.5 60
402 412 1.5 120
403 386 1.5 120
403 402 1.5 60
403 404 1.5 60
404 387 1.5 120
404 403 1.5 60
404 405 1.5 120
404 413 1.5 120
405 388 1.5 120
405 404 1.5 120
405 406 1.5 120
405 414 1.5 120
406 38 3.5 8.944099380
406 53 1.5 64.79545452
406 389 1.5 120
406 405 1.5 120
406 415 1.5 120
407 38 3.5 8.944099380
407 53 1.5 63.59090910
407 390 1.5 154.79545452
407 408 1.5 64.79545452
407 416 1.5 120
408 211 0.5 30
408 407 1.5 64.79545452
408 409 1.5 30
409 167 0.5 30
409 408 1.5 30
409 410 1.5 13.20454548
410 396 1.5 120
410 409 1.5 13.20454548
410 411 1.5 120
411 8 1.5 60
411 410 1.5 120
412 21 1.5 60
412 402 1.5 120
413 21 1.5 60
413 404 1.5 120
414 22 1.5 60
414 405 1.5 120
415 22 1.5 60
415 406 1.5 120
416 23 1.5 60
416 407 1.5 120
